Run semi-empirical minimization
 &qmmm
    qm_theory='AM1', grms_tol=0.0005,
 scfconv=1.d-10, ndiis_attempts=700,   qmcharge=-1,
 /
   6    C1       -8.3300        0.3540       -0.0200 
   6    C2       -6.9590        0.0660        0.5850 
   1    H1       -8.4040       -0.0900       -1.0360 
   1    H3       -8.5000        1.4500       -0.0870 
   1    H4       -9.1200       -0.0900        0.6200 
   6    C3       -5.8380        0.6650       -0.2720 
   1    H2       -6.9200        0.5010        1.6080 
   1    H5       -6.8240       -1.0350        0.6610 
   6    C4       -4.4630        0.3740        0.3400 
   1    H6       -5.8850        0.2280       -1.2940 
   1    H7       -5.9810        1.7660       -0.3460 
   6    C5       -3.3410        0.9750       -0.5190 
   1    H8       -4.3240       -0.7270        0.4150 
   1    H9       -4.4160        0.8100        1.3620 
   6    CS       -1.9590        0.7090        0.0820 
   1   H10       -3.4870        2.0750       -0.5920 
   1   H11       -3.3800        0.5450       -1.5430 
   1    HS       -1.9230        1.1580        1.1010 
   1   H12       -1.2040        1.1950       -0.5760 
   8    OS       -1.7260       -0.6780        0.1400 
  16    S1       -0.1660       -0.9080        0.8450 
   8    O1       -1.1710       -1.6810        1.7130 
   8    O2       -0.1560       -1.6240       -0.5150 
   8    O3        0.4720       -2.4810        1.0960 

