Run semi-empirical minimization
 &qmmm
    qm_theory='AM1', grms_tol=0.0005,
 scfconv=1.d-10, ndiis_attempts=700,   qmcharge=1,
 /
   6    C1       -8.1140        0.5500       -0.0550 
   6    C2       -6.7690        0.0380        0.4520 
   1    H1       -8.2190        0.3490       -1.1430 
   1    H5       -8.2030        1.6430        0.1240 
   1    H6       -8.9360        0.0330        0.4830 
   6    C5       -5.6060        0.7290       -0.2690 
   1    H2       -6.7000        0.2310        1.5440 
   1    H7       -6.7160       -1.0600        0.2800 
   6    C6       -4.2550        0.2120        0.2440 
   1    H8       -5.6830        0.5350       -1.3610 
   1    H9       -5.6700        1.8260       -0.0950 
   6    C7       -3.0950        0.9050       -0.4820 
   1   H10       -4.2300       -0.8750        0.0510 
   1   H11       -4.1790        0.4130        1.3350 
   6    C3       -1.6640        0.6380        0.0670 
   1   H12       -3.2520        2.0020       -0.3770 
   1   H13       -3.1450        0.6780       -1.5690 
   1    H3       -1.6020        1.0130        1.1140 
   1   H14       -1.0270        1.3230       -0.5400 
   7    N1       -1.0990       -0.7500       -0.0180 
   6    C4       -1.3850       -1.3860       -1.3250 
   1    H4       -1.0270       -0.7490       -2.1640 
   1   H15       -2.4730       -1.5650       -1.4590 
   1   H16       -0.8850       -2.3770       -1.4070 
   6    C8        0.3750       -0.6460        0.1310 
   1   H17        0.6490       -0.1700        1.1000 
   1   H18        0.8240       -0.0370       -0.6860 
   1   H19        0.8610       -1.6480        0.0960 
   6    C9       -1.5850       -1.6160        1.0850 
   1   H20       -2.6600       -1.8360        1.0230 
   1   H21       -1.3860       -1.1520        2.0770 
   1   H22       -1.0760       -2.6060        1.0680 

