Run semi-empirical minimization
 &qmmm
    qm_theory='AM1', grms_tol=0.0005,
 scfconv=1.d-10, ndiis_attempts=700,   qmcharge=0,
 /
   6    C1       -8.1550        0.5350       -0.1160 
   6    C2       -6.8140        0.1050        0.4710 
   1    H1       -8.2130        0.2570       -1.1900 
   1    H3       -8.2870        1.6330       -0.0160 
   1    H4       -8.9790        0.0260        0.4270 
   6    C4       -5.6480        0.7870       -0.2540 
   1    H2       -6.7920        0.3750        1.5500 
   1    H8       -6.7180       -0.9980        0.3770 
   6    C5       -4.3020        0.3540        0.3390 
   1    H9       -5.6780        0.5170       -1.3330 
   1   H10       -5.7530        1.8910       -0.1590 
   6    C6       -3.1370        1.0360       -0.3860 
   1   H11       -4.1980       -0.7500        0.2440 
   1   H12       -4.2720        0.6250        1.4180 
   6    C3       -1.7950        0.6070        0.2020 
   1   H13       -3.2330        2.1400       -0.2920 
   1   H14       -3.1580        0.7660       -1.4650 
   1    H5       -1.7380        0.8850        1.2760 
   1    H6       -0.9710        1.1150       -0.3420 
   1    H7       -1.6630       -0.4920        0.1010 

